10 20
8 14 10 5 20 13 1 11 7 3 2 15 4 18 19 9 17 12 16 6
13 3 12 5 20 1 16 11 2 9 17 8 4 15 19 14 7 10 18 6
8 18 12 5 20 13 10 11 17 7 2 15 4 16 19 1 9 14 3 6
8 14 3 19 20 13 10 11 1 9 7 15 2 16 5 12 4 17 18 6
14 3 12 5 20 13 10 18 17 9 19 15 1 16 2 11 7 8 4 6
8 3 4 5 10 11 13 15 17 9 2 20 19 16 12 14 7 1 18 6
8 3 12 20 15 13 10 4 17 9 2 5 11 14 19 6 7 1 18 16
5 3 12 8 1 13 10 11 16 17 2 15 4 9 6 19 7 20 18 14
8 3 4 5 20 13 18 11 12 6 2 15 7 9 19 14 17 1 10 16
8 3 12 16 20 13 10 1 4 9 2 14 17 6 19 15 7 18 11 5
