10 20
16 7 15 10 1 17 8 4 11 14 6 9 18 20 13 19 2 5 12 3
16 7 15 10 1 19 8 4 11 14 6 9 13 20 18 17 2 5 12 3
16 7 15 10 1 19 8 11 4 14 6 9 18 20 13 17 2 5 12 3
16 7 15 10 1 19 8 4 11 14 6 9 18 20 13 17 2 5 12 3
16 7 15 10 1 19 8 4 11 9 6 14 18 20 13 17 2 5 12 3
16 7 15 10 3 19 8 4 11 14 6 9 18 20 13 17 2 5 12 1
16 7 15 2 1 19 8 4 11 14 6 9 18 20 13 17 10 5 12 3
16 7 15 10 1 19 8 4 11 14 6 9 18 17 13 20 2 5 12 3
16 7 15 10 1 19 8 14 11 4 6 9 18 20 13 17 2 5 12 3
16 7 15 10 1 19 8 4 11 12 6 9 18 20 13 17 2 5 14 3
