10 20
1 15 5 4 13 7 19 16 12 11 9 6 14 8 20 17 2 10 3 18
1 10 5 19 13 7 14 6 12 11 9 16 4 8 20 17 2 15 3 18
1 17 5 13 4 7 19 6 12 11 9 16 14 8 20 10 2 15 3 18
15 10 5 4 13 7 19 6 12 11 9 16 14 8 20 17 2 1 3 18
1 10 8 4 13 7 19 6 12 11 15 16 14 5 20 17 2 9 3 18
1 10 5 4 13 7 19 6 12 11 9 16 14 8 20 3 2 15 17 18
1 10 20 4 13 7 19 14 12 11 9 16 6 8 5 17 2 15 3 18
1 10 19 4 13 7 5 6 9 11 12 16 14 8 20 17 2 15 3 18
1 15 5 4 14 7 19 6 12 11 9 16 13 8 20 17 2 10 3 18
1 10 5 4 13 7 15 6 12 11 9 16 14 8 20 19 2 17 3 18
