10 20
16 10 17 15 18 13 9 11 12 5 6 7 3 14 1 19 8 2 20 4
7 10 17 15 18 13 9 11 12 19 6 5 20 14 1 16 3 2 8 4
8 10 16 15 18 13 9 11 12 5 3 7 20 14 1 17 19 2 6 4
19 10 17 15 18 12 16 11 13 9 6 7 20 14 1 5 8 2 3 4
3 10 17 6 18 13 9 11 1 5 15 7 20 14 12 16 8 2 19 4
19 10 17 2 18 13 9 11 12 5 6 4 7 14 1 16 8 15 3 20
4 10 17 15 14 8 9 11 12 5 6 7 20 18 1 16 13 2 3 19
5 10 17 11 18 13 9 15 12 2 6 7 20 14 1 16 8 19 3 4
5 15 17 10 18 13 9 2 12 19 6 7 20 14 1 16 8 11 3 4
19 10 11 15 18 13 9 17 6 5 12 7 20 14 1 16 8 2 3 4
