10 20
12 6 9 11 8 1 20 7 15 2 10 5 3 16 19 17 13 14 18 4
12 6 3 11 14 1 5 18 15 2 10 20 13 17 16 19 9 8 4 7
12 9 15 11 14 1 5 7 3 2 18 20 6 17 19 13 16 8 10 4
16 6 3 11 14 1 5 7 15 2 10 4 18 17 19 12 13 8 20 9
12 6 3 11 13 10 1 16 15 2 5 20 9 17 19 7 14 8 18 4
2 6 3 11 12 1 5 7 15 14 10 17 9 20 19 4 13 8 18 16
13 6 3 16 14 1 5 7 15 2 10 4 9 17 19 20 12 8 18 11
6 9 3 11 14 1 16 7 15 2 10 13 12 17 19 5 20 8 18 4
19 6 3 11 14 20 5 7 15 2 10 1 9 13 12 16 8 17 18 4
3 6 8 20 14 1 5 7 15 2 10 11 9 17 19 16 13 12 18 4
