10 20
20 9 14 4 19 12 2 18 17 8 16 6 15 5 10 13 11 3 7 1
17 9 15 14 5 6 18 2 3 19 16 12 11 10 8 13 4 20 7 1
17 9 10 4 8 6 2 18 3 19 16 13 14 15 5 12 7 11 20 1
12 9 15 4 8 17 11 6 3 19 16 20 14 10 5 13 1 18 7 2
17 20 15 4 3 12 2 18 11 19 6 16 14 8 5 13 10 9 7 1
15 9 17 10 14 12 18 2 3 19 16 6 1 4 5 13 11 20 7 8
4 9 11 18 8 12 1 17 15 19 16 6 14 10 5 13 3 20 7 2
17 9 5 18 11 12 4 15 3 19 16 6 14 10 2 13 8 20 7 1
17 9 15 5 8 12 2 18 14 19 16 1 6 11 4 13 10 20 7 3
17 9 2 4 8 12 11 18 3 19 16 6 1 14 5 13 20 15 7 10
